17.231
1.582
40.822
46.996
31.404
19.567
9.986
100.566
65.035
20.244
67.515
0.971
36.134
34.286
-11.833
40.787
35.495
24531.996
184.076
61.788
21.039
8.606
72.113
47.3
30.528
7.539
37.776
26.111
9.195
37.269
53.421
25.849
80.647
26.476
28.583
115.671
67.999
21.135
27.563
20.303
21.383
27.524
16.305
2.313
25.135
31.331
47.643
51.137
-2.521
123.673
20.883
17.227
20.793
30.049
59.002
19.117
20.637
20.946
12.474
47.51
64.55
27.015
9.884
28.514
10.025
69.919
28.446
81.291
122.647
25.46
18.037
50.642
61.853
2.197
11.883
22.643
8.613
12.473
7.189
45.755
3.251
69.544
4.158
29.91
34.754
11.932
18.419
16.251
31.932
25.035
56.945
43.619
6.659
47.692
27.752
17.115
22.505
22.125
-47.071
8.104
67.366
13.618
39.318
15.743
73.016
-6.937
38.137
20.005
34.294
-3.379
36.374
30.036
33.902
37.593
93.619
76.732
85.615
3.745
47.947
26.698
4.747
57.973
3.618
46.562
20.019
197.522
65.499
86.576
-6.95
22.13
-6.125
29.394
19.272
-112.455
40.501
11.196
16.546
15.988
35.687
50.068
100.508
65.605
39.777
6.203
17.972
15.962
55.198
34.74
9.091
104.435
23.595
10.268
19.141
8.428
34.235
57.795
97.165
37.47
19.457
14.417
64.707
52.607
-47.706
3.8
67.926
66.399
26.976
8.279
23.689
32.676
32.783
17.536
19.867
13.673
33.33
13.061
129.985
-4.548
-180381.586
50.885
59.172
48.553
55.025
15.62
48.959
10.119
17.417
0.923
30.879
15.302
-13.034
20.781
36.738
43.455
41.778
8.094
27.457
22.364
18.796
21.892
71.603
69.518
35.495
15.398
36.261
31.762
17.197
8.914
33.072
18.833
35.794
16.026
44.212
10.927
12.984
30.087
41.998
27.464
25.565
26.886
90.626
26.455
40.176
32.616
16.043
-43.555
44.076
38528872679.713
10.762
50.018
29.67
37.415
24.82
15.306
1.696
37.587
17.624
112.944
8.867
33.159
40.498
85.649
22.505
-52.54
802.383
45.755
13.733
59.679
9.676
11.699
23.333
20.112
5.187
35.747
-5.79
79.534
6.17
20.041
120.442
83.729
45.849
46.128
10.386
8.295
23.768
17.072
45.232
81.153
27.656
37.221
-11.236
26.704
106.231
31.867
33.967
0.547
66.739
18.474
5.772
30.614
10.941
4.094
41.679
24.289
66.077
40.992
40.126
43.501
46.923
10.42
53.838
9.426
49.385
-2893.555
9.562
9.154
46.083
37.101
12.698
24.444
14.296
58.104
38.837
18.166
37.52
48.995
-11.43
36.12
24.837
8.994
55.349
79.056
62.733
9.173
17.774
32.546
44.076
7.822
36.27
32.603
15.462
7.936
19.302
55.803
31.055
30.156
36.802
-2.593
43.12
4.832
14.637
11.67
43.765
107.147
13.561
60.474
20.928
37.55
-58.994
43.813
13.906
68.118
13.128
57.167
-19.055
42.707
34.678
17.23
59.775
35.827
-37.156
25.898
7.674
31.667
103.758
48.427
32.248
15.603
26.474
4.969
28.817
40.964
14.441
13.48
14.401
23.278
102.23
-12.71
22.513
29.525
117.437
59.397
25.461
19.881
33.386
30.034
133.263
27.191
9.708
40.013
22.303
19.365
4.56
-793285.942
77.09
16.882
29.535
82.964
11.921
37.805
40.168
41.021
189.536
24.176
15.461
31.695
4.151
22.996
42.339
52.968
27.199
41.098
39.307
34.789
10.994
13.887
36.814
31.703
38.849
18.108
79.648
18.185
34.793
15.71
29.172
13.523
23.975
42.538
17.871
77.224
22.76
30.214
22.719
50.183
1.129
32.154
52.058
21.657
30.263
18.66
36.89
100.91
7.239
16.167
37.313
38.377
65.413
18.289
22.035
26.895
35.063
20.181
40.743
23.382
28.708
51.443
35.314
29.042
21.273
19.862
17.026
42.979
-24.612
15.897
41.728
25.919
20.768
9.484
33.809
30.516
39.204
14.747
18.917
14.225
21.97
24.251
16.474
23.398
114.219
26.861
32.432
68.685
-16.545
6.849
19.764
22.7
59.706
32.433
153.628
-72.249
20.189
13.628
38.705
24.535
53.816
-39.18
42.228
27.451
26.487
39.05
24.558
46.408
-9004.23
6.403
22.461
-27.038
39.305
32.521
36.047
8.871
35.568
30.073
40.935
25.226
-10122524553.706
51.982
-36.107
36.081
16.356
29.28
5.343
33.455
22.936
34.245
86.992
32.433
24.071
43.139
31.277
79.846
20.144
37.662
72.439
67.79
40.679
14.907
48.636
27.637
6.383
20.021
32.565
51.439
47.464
9.543
38.814
127.917
28.674
121.468
58.853
-40.599
-37.207
30.448
30.085
40.226
4.542
14.569
-50.211
29.927
68.452
23.649
27.258
20.86
11.927
69.73
85.985
8.488
35.873
113.262
12.342
29.73
27.31
27.925
8.546
37.96
19.417
22.827
25.281
52.736
18.408
23.405
32.362
16.653
7.951
60.241
21.469
28.96
29.364
20.471
21.813
49.052
2.584
30.714
3.332
40.321
27.178
4.129
66.947
45.772
33.875
87.311
26.755
20.946
21.546
13.18
15.372
7.09
50.633
12.262
0.834
10.22
71.679
26.29
17.539
13.98
13.522
23.104
21.366
26.433
15.213
13.543
26.277
15.238
19.316
24.17
128.338
27.734
22.606
10.234
43.976
28.12
21.387
29.177
17.086
32.36
12.122
29.333
22.499
4.176
27.584
58.508
26.985
-1.706
56.718
2.173
28.256
35.049
32.011
12.521
14.376
25.974
90.318
4.316
1.26
44.749
8.36
5.399
11.791
7.417
15.88
22.258
64.714
18.07
26.561
5.266
27.664
1.69
38.795
24.121
23.079
47.499
25.019
55.316
61.957
21.316
18.167
13.772
25.706
30.935
32.578
25.839
20.058
33.556
11.955
55.545
36.356
43.646
44.318
13.808
4.657
23.465
29.888
-9.986
23.508
28.556
16.303
25.237
11.552
21.767
43.636
21.617
-26.63
20.639
17.316
28.95
14.653
11.708
19.979
-4.408
43.198
-5.24
46.327
8.744
33.252
6.182
10.774
6.439
49.129
16.321
45.895
39.623
59.369
5.998
17.775
7.956
28.966
71.498
96.813
66.596
1.539
77.858
16.802
49.922
20.733
100.908
31.714
36.004
14.507
24.614
71.709
56.274
100.522
112.431
38.644
26.795
37.085
31.91
38.993
31.25
20.936
-1.732
60.304
11.597
34.393
30.22
29.894
82.095
21.639
29.534
46.341
36.127
15.67
18.813
36.325
16.147
56.338
10.376
19.632
30.306
16.29
12.424
47.814
35.547
17.812
16.527
21.112
108.216
46.12
28.359
6.7
30.48
28.594
33.635
43.757
11.268
4.952
28.031
14.761
7.241
18.203
11.673
91.621
-4.58
9.25
23.563
25.62
19.728
32.272
34.45
58.145
5.99
13.461
45.426
5.774
16.087
99.981
1.22
15.779
38.236
5.618
35.622
7.681
5.553
39.327
-74.316
16.433
44.751
29.604
27.09
15.939
15.278
33.607
0.826
24.195
5.909
33.579
5.488
8.239
19.231
12.498
42.251
14.643
6.546
63.284
60.664
21.021
2626291758.897
87.141
15.968
20.397
33.718
43.617
52.804
37.488
14.592
33.657
28.749
60.558
28.342
53.188
15.96
9.799
27.044
64.692
46.271
16.195
26.953
46.935
16.903
68.963
8.46
21.604
24.406
29.197
54.227
38.982
64.543
64.411
13.335
11.558
67.066
26.741
68.603
12.923
69.192
72.584
-11.852
-20.486
58.897
25.035
-142028.877
23.766
64.79
62.895
22.949
63.726
91.595
71.832
28.995
56.475
55.213
23.614
29.535
24.659
28.036
17.785
68.471
13.292
20.993
19.528
