63
194
140
189
141
221
225
194
14
186
225
225
141
225
225
62
225
225
38
225
2
123
161
225
225
152
141
225
225
216
225
186
225
225
225
191
225
88
225
225
225
141
225
194
187
225
225
216
221
115
173
15
225
129
62
225
225
31
225
189
227
164
225
166
225
141
131
141
141
225
62
216
225
225
123
225
225
225
221
181
216
225
216
141
225
129
221
221
225
156
225
139
26
186
11
225
227
225
225
62
71
33
227
225
82
225
225
187
216
216
225
225
225
225
194
167
221
229
164
225
225
225
225
140
225
225
225
36
194
225
139
187
14
216
221
225
225
62
225
225
122
225
166
186
216
225
225
225
225
225
225
221
139
186
164
186
225
225
72
129
225
225
225
14
225
139
225
216
225
225
166
141
225
122
225
221
225
225
227
225
225
164
225
62
36
129
225
225
225
225
213
225
225
225
129
139
12
225
12
82
63
70
225
70
88
88
150
225
216
225
187
225
225
221
65
216
225
166
225
88
225
225
225
139
123
216
139
225
194
225
216
225
221
129
122
225
33
44
194
225
225
225
227
225
11
140
186
166
225
225
166
164
191
225
221
62
225
225
212
216
194
225
181
216
129
225
166
65
64
139
225
187
191
164
225
194
225
225
225
141
225
216
187
139
225
225
225
225
216
225
225
164
141
227
186
225
5
225
225
225
141
62
129
44
225
221
225
225
166
225
216
225
225
225
164
225
194
40
225
166
225
62
160
225
88
71
216
225
123
225
194
225
225
225
63
225
225
225
216
166
221
187
225
194
216
127
225
187
225
123
225
225
227
225
58
189
129
225
166
161
225
216
225
225
225
194
225
225
225
225
225
166
225
10
216
225
194
63
225
164
216
216
216
216
225
191
12
216
227
221
166
12
164
166
82
225
166
167
221
92
225
225
187
187
188
225
225
11
221
225
225
225
225
225
225
122
225
225
194
225
225
141
187
225
225
141
225
216
225
12
194
187
63
59
216
216
164
127
225
139
164
225
110
166
225
36
162
216
14
164
225
194
225
227
216
225
216
225
216
191
216
225
225
225
191
194
12
12
10
14
227
127
225
194
225
225
225
164
225
216
227
225
123
187
129
225
225
166
225
194
225
225
225
137
8
216
129
141
141
225
225
225
225
225
225
187
225
225
139
225
225
225
225
225
71
74
166
58
14
221
225
225
71
225
225
82
189
123
215
225
225
129
33
225
189
225
161
36
62
216
225
216
225
216
225
225
12
166
225
63
194
225
65
139
164
216
216
164
225
225
63
225
227
194
139
225
216
12
216
225
225
216
225
36
129
216
225
62
129
37
111
225
194
193
216
121
15
65
225
15
225
225
225
225
216
225
194
65
225
225
15
216
225
225
216
225
225
225
65
132
225
12
225
225
12
225
225
132
71
15
141
139
216
225
225
225
191
225
166
119
225
63
12
225
216
136
12
139
139
13
139
225
225
194
139
225
19
139
139
225
139
225
139
215
225
65
65
225
164
194
12
15
12
216
139
191
216
136
2
225
225
225
216
119
216
71
62
225
225
189
225
71
225
216
65
216
216
216
14
65
225
216
225
216
225
194
121
225
216
221
216
139
216
47
186
221
161
225
225
139
225
216
221
194
225
107
166
63
221
166
216
221
64
225
139
123
194
187
166
225
141
63
225
225
189
225
225
225
225
216
82
225
225
129
141
225
58
194
33
62
225
225
139
12
225
225
225
225
88
140
122
129
127
62
225
225
166
225
225
194
166
5
31
25
221
164
139
215
139
62
139
194
225
44
225
167
166
194
206
194
121
164
215
225
206
225
225
221
225
221
194
225
2
194
139
206
15
164
139
225
191
225
194
215
164
225
139
225
139
14
225
221
139
206
225
225
206
225
72
225
63
87
87
121
166
141
15
166
2
216
189
9
12
59
166
166
189
71
12
155
166
71
123
61
59
12
137
9
44
137
137
137
139
137
137
216
216
137
139
218
11
205
218
65
205
10
205
55
185
148
12
194
164
55
227
147
220
220
220
